{"NURSES": 3, "NURSES_WORK_TIME": 360, "HUB": [693, 242], "HUB_DISTANCE": [190.2761151589973, 298.4845054605012, 528.9924385092853, 369.67553340733815, 760.2585086666245, 650.5628332451831, 544.7210295187804, 297.7129489961765], "PATIENTS_DISTANCE": [[0.0, 445.7375909658058, 648.5213951752094, 532.0798812208558, 798.5298992523699, 820.7977826480771, 510.72693291033715, 329.61189298931555], [445.7375909658058, 0.0, 238.71740615212792, 96.87620966986684, 545.9267350112101, 382.9843338832543, 475.5502076542497, 573.0636962851512], [648.5213951752094, 238.71740615212792, 0.0, 222.92823957498072, 372.6258176777342, 314.74592928265173, 467.8226159560908, 811.32977265721], [532.0798812208558, 96.87620966986684, 222.92823957498072, 0.0, 575.253857005757, 289.8068322175997, 555.4790725130875, 620.7100772502408], [798.5298992523699, 545.9267350112101, 372.6258176777342, 575.253857005757, 0.0, 661.774130651841, 352.20448605888026, 1057.5566178697006], [820.7977826480771, 382.9843338832543, 314.74592928265173, 289.8068322175997, 661.774130651841, 0.0, 774.8451458194728, 867.0830410058774], [510.72693291033715, 475.5502076542497, 467.8226159560908, 555.4790725130875, 352.20448605888026, 774.8451458194728, 0.0, 818.6635450537663], [329.61189298931555, 573.0636962851512, 811.32977265721, 620.7100772502408, 1057.5566178697006, 867.0830410058774, 818.6635450537663, 0.0]], "SERVICES": [8, 3, 8], "PATIENTS": [{"ID": [824, 380], "REQUEST": [1, 0, 1, 1, 0, 1, 0]}, {"ID": [395, 259], "REQUEST": [0, 2, 2, 2, 0, 0, 0]}, {"ID": [176, 354], "REQUEST": [0, 3, 0, 3, 3, 0, 3]}, {"ID": [327, 190], "REQUEST": [1, 1, 1, 1, 0, 1, 0]}, {"ID": [101, 719], "REQUEST": [0, 0, 0, 2, 2, 0, 0]}, {"ID": [69, 58], "REQUEST": [3, 0, 3, 3, 0, 0, 0]}, {"ID": [453, 731], "REQUEST": [0, 0, 2, 2, 0, 2, 0]}, {"ID": [936, 70], "REQUEST": [3, 0, 3, 3, 0, 3, 0]}]}
