{"NURSES": 3, "NURSES_WORK_TIME": 360, "HUB": [874, 8], "HUB_DISTANCE": [505.03564230656036, 479.98541644512494, 337.0356064275702, 932.0869058194091, 603.4608520857007, 780.6522913564015, 918.7567686825496, 692.1878357786997], "PATIENTS_DISTANCE": [[0.0, 225.86943130932968, 224.8777445635739, 462.0270554848493, 191.8593234638338, 492.0823101880416, 421.57442996462675, 405.83370978764196], [225.86943130932968, 0.0, 148.03040228277433, 471.8389555770062, 417.6278247435149, 717.0076708097341, 493.25855289087485, 629.0071541723512], [224.8777445635739, 148.03040228277433, 0.0, 598.0409684963063, 396.67619036186176, 670.8956699815553, 597.4520901294095, 577.9870240758005], [462.0270554848493, 471.8389555770062, 598.0409684963063, 0.0, 527.3869547116235, 771.5879729492937, 128.9961239727768, 722.768289287791], [191.8593234638338, 417.6278247435149, 396.67619036186176, 527.3869547116235, 0.0, 303.94900888142405, 441.6616351914665, 223.91292950609173], [492.0823101880416, 717.0076708097341, 670.8956699815553, 771.5879729492937, 303.94900888142405, 0.0, 658.7412238504586, 93.77632963600144], [421.57442996462675, 493.25855289087485, 597.4520901294095, 128.9961239727768, 441.6616351914665, 658.7412238504586, 0.0, 618.1731149119962], [405.83370978764196, 629.0071541723512, 577.9870240758005, 722.768289287791, 223.91292950609173, 93.77632963600144, 618.1731149119962, 0.0]], "SERVICES": [4, 3, 8], "PATIENTS": [{"ID": [769, 502], "REQUEST": [1, 1, 1, 1, 1, 1, 0]}, {"ID": [993, 473], "REQUEST": [0, 0, 1, 1, 0, 1, 1]}, {"ID": [926, 341], "REQUEST": [0, 1, 1, 0, 1, 1, 1]}, {"ID": [919, 939], "REQUEST": [3, 0, 3, 0, 3, 3, 3]}, {"ID": [580, 535], "REQUEST": [2, 0, 2, 2, 2, 2, 0]}, {"ID": [277, 511], "REQUEST": [3, 3, 3, 3, 3, 3, 0]}, {"ID": [791, 923], "REQUEST": [0, 3, 3, 3, 0, 3, 0]}, {"ID": [364, 476], "REQUEST": [3, 3, 3, 0, 3, 3, 3]}], "MAP_SIZE_X": 1000, "MAP_SIZE_Y": 1000, "BASE_TIME_SLOT": 15}
